3
"reco #Deltap_{#mu}" "reco $\Deltap_{\mu}$" "GeV/c" "GeV$/c$"
"reco #Deltacos#theta_{#mu}" "reco $\Delta\cos\theta_{\mu}$" "" ""
"reco bin number" "reco bin number" "" ""
3
"events"
1 1 12 -2 -1 -0.63 -0.38 -0.179 -0.033 0.076 0.195 0.36 0.58 0.95 2
0
11
0 1 1
1 1 2
2 1 3
3 1 4
4 1 5
5 1 6
6 1 7
7 1 8
8 1 9
9 1 10
10 1 11
"events"
1 0 10 -2 -0.8 -0.5 -0.3 -0.15 -0.05 0.02 0.12 0.63 3
0
11
11 1 0
12 1 1
13 1 2
14 1 3
15 1 4
16 1 5
17 1 6
18 1 7
19 1 8
20 1 9
21 1 10
"events"
1 2 23 0 1 2 3 4 5 6 7 8 9 10 11 12 13 14 15 16 17 18 19 20 21 22
0
22
0 1 1
1 1 2
2 1 3
3 1 4
4 1 5
5 1 6
6 1 7
7 1 8
8 1 9
9 1 10
10 1 11
11 1 12
12 1 13
13 1 14
14 1 15
15 1 16
16 1 17
17 1 18
18 1 19
19 1 20
20 1 21
21 1 22